date;belief;praying;holy months;salvation;family;nationalism;lifestyle;education
2019-02-01;0.0007034920272417367;0.0007031431305222213;0.000702996039763093;0.4510726034641266;0.0007035878952592611;0.5447070598602295;0.0007034901645965874;0.0007036025053821504
2018-03-02;0.5938339233398438;0.0005587597843259573;0.0005593165988102555;0.149976447224617;0.17598716914653778;0.000558952335268259;0.0779663547873497;0.0005591037916019559
2019-12-27;0.05074770003557205;0.6066169142723083;0.0005008592270314693;0.0005009860615245998;0.0005009773303754628;0.169244647026062;0.0005009575979784131;0.1713869869709015
2017-08-25;0.0005465769208967686;0.9961740970611572;0.0005464606801979244;0.0005467997398227453;0.0005466899019666016;0.0005465209251269698;0.0005464467685669661;0.0005464075948111713
2019-10-25;0.0004890686250291765;0.0004891551798209548;0.000488730613142252;0.0004891780554316938;0.0004888041294179857;0.0004890791606158018;0.9965769648551941;0.000489005004055798
2018-03-30;0.0004988364526070654;0.0004987141583114862;0.553540050983429;0.0004990045563317835;0.44346684217453003;0.0004989096196368337;0.0004988492000848055;0.0004988298751413822
2018-10-05;0.13600657880306244;0.0004690501664299518;0.00046889481018297374;0.468716561794281;0.0004690124187618494;0.0004691852955147624;0.36547043919563293;0.02793031372129917
2018-03-23;0.000590621551964432;0.31761854887008667;0.0005904238787479699;0.6250628232955933;0.0005907132290303707;0.0005908498424105346;0.05436506122350693;0.0005909361643716693
2019-07-05;0.0004871212877333164;0.00048735670861788094;0.0004871425044257194;0.00048716459423303604;0.2645399868488312;0.00048728962428867817;0.07856543362140656;0.6544585227966309
2018-06-13;0.00059898616746068;0.0005992473452351987;0.0005991369253024459;0.09128596633672714;0.35643789172172546;0.0005990738864056766;0.5492804646492004;0.0005992301157675683
2018-05-18;0.000658587901853025;0.06202114000916481;0.0006591203855350614;0.00065875134896487;0.0006587480311281979;0.7733352184295654;0.16134943068027496;0.0006589651457034051
2018-12-14;0.995507001876831;0.0006419122219085693;0.0006417818367481232;0.0006421903381124139;0.0006418543634936213;0.000641735561657697;0.0006417302065528929;0.0006417986587621272
2019-05-10;0.0005241052713245153;0.6575126647949219;0.0005241672624833882;0.3393433392047882;0.0005238699377514422;0.0005239092279225588;0.0005239814054220915;0.0005240049795247614
2019-06-21;0.000782662071287632;0.0007824029889889061;0.0007823710911907256;0.7884937524795532;0.0007825898937880993;0.0007826113724149764;0.0007827100926078856;0.20681090652942657
2019-03-15;0.00046879451838321984;0.0004688817134592682;0.0004686682077590376;0.00046888276119716465;0.00046866931370459497;0.0004690924833994359;0.8988415002822876;0.09834546595811844
2018-07-01;0.9956837892532349;0.0006164897931739688;0.0006165335071273148;0.0006166129023768008;0.0006166133680380881;0.000616548175457865;0.0006165431695990264;0.0006168623804114759
2018-11-09;0.0006627486436627805;0.0006623220397159457;0.0006625499227084219;0.37739402055740356;0.0006627687253057957;0.0006626664544455707;0.6186302900314331;0.0006626618560403585
2018-02-02;0.0006131958216428757;0.0006134241702966392;0.0006138501921668649;0.0006133873830549419;0.995705783367157;0.00061347137670964;0.0006135842413641512;0.0006133320275694132
2019-02-15;0.0005880514509044588;0.0005879208911210299;0.019919387996196747;0.000587980670388788;0.048117902129888535;0.0005880793905816972;0.929022490978241;0.0005881503457203507
2017-01-06;0.0005933575448580086;0.0005931871710345149;0.0005932019557803869;0.0005932410131208599;0.19936083257198334;0.616849422454834;0.1808232069015503;0.0005935568478889763
2018-11-02;0.0006326709990389645;0.0006322363042272627;0.0006325182621367276;0.0006326569127850235;0.23331797122955322;0.0006324652349576354;0.6225499510765076;0.14096952974796295
2017-11-10;0.0005993617232888937;0.0005990980425849557;0.0005990357603877783;0.17679493129253387;0.6260972619056702;0.19411201775074005;0.0005990305216982961;0.0005992135847918689
2017-03-24;0.0007591822068206966;0.298538476228714;0.0007592858746647835;0.0007590996101498604;0.0007592580514028668;0.6969072222709656;0.0007585763814859092;0.000758921611122787
2018-04-27;0.9957458972930908;0.0006080986349843442;0.000607432157266885;0.0006077181897126138;0.0006075960700400174;0.0006079636514186859;0.000607660913374275;0.0006076128920540214
2018-10-19;0.022575413808226585;0.0005261001642793417;0.0005265464424155653;0.0005262846243567765;0.13893213868141174;0.0005259921890683472;0.8358613848686218;0.0005261287442408502
2019-10-04;0.0006229985156096518;0.0006228493293747306;0.053826261311769485;0.18502327799797058;0.0006230594008229673;0.0006230195285752416;0.0006232908344827592;0.7580352425575256
2019-10-18;0.27336394786834717;0.000576801598072052;0.0005767795373685658;0.26223433017730713;0.08216961473226547;0.18300893902778625;0.0005769241251982749;0.19749262928962708
2019-01-25;0.0005613365210592747;0.0005611760425381362;0.0005611756932921708;0.0005616105627268553;0.9960702061653137;0.0005613433313556015;0.0005614379770122468;0.000561719061806798
2019-11-08;0.0005469007883220911;0.0005469587631523609;0.0005471283220686018;0.0005468265735544264;0.0005469048046506941;0.000546963419765234;0.0005467868759296834;0.9961715340614319
2019-08-11;0.0006484733894467354;0.031334616243839264;0.0006485700141638517;0.9647737741470337;0.0006487525533884764;0.0006486183265224099;0.0006485047051683068;0.0006487529608421028
2019-12-06;0.000684397469740361;0.0006848090561106801;0.0006842067814432085;0.47501587867736816;0.275790274143219;0.217917799949646;0.028538508340716362;0.0006841215072199702
2017-09-15;0.0005516211385838687;0.0005513285286724567;0.9961400628089905;0.0005513663636520505;0.0005514998338185251;0.00055150524713099;0.0005513288197107613;0.0005512962234206498
2017-03-31;0.7978466153144836;0.19817836582660675;0.0006624121451750398;0.0006624101079069078;0.000662445614580065;0.000662508886307478;0.0006627296097576618;0.0006625347887165844
2018-04-20;0.0005282789352349937;0.000528257223777473;0.30323904752731323;0.0005285085062496364;0.0005284370272420347;0.554728627204895;0.0005283668870106339;0.1393904834985733
2019-01-18;0.00046893753460608423;0.00046871075755916536;0.996718168258667;0.00046885566553100944;0.0004688529879786074;0.00046881134039722383;0.00046874675899744034;0.00046887993812561035
2018-03-16;0.0004486352554522455;0.11317049711942673;0.0004489547573029995;0.00044878487824462354;0.00044857533066533506;0.0004487487312871963;0.8841370344161987;0.00044872931903228164
2019-08-23;0.0005215270211920142;0.0005220111925154924;0.0005217530415393412;0.19578704237937927;0.0005215929122641683;0.04436004161834717;0.757244348526001;0.0005216776044107974
2017-05-26;0.0007588541484437883;0.5307727456092834;0.0007589742308482528;0.0007589869201183319;0.0007589320885017514;0.1639501452445984;0.0007585855200886726;0.30148279666900635
2020-01-24;0.0006389967165887356;0.000638733385130763;0.0006391892093233764;0.242038294672966;0.0006391792558133602;0.7451685070991516;0.000638758996501565;0.009598382748663425
2017-01-20;0.2255202829837799;0.0005906938458792865;0.0005904099089093506;0.41597017645835876;0.2673434615135193;0.0888034999370575;0.0005906391306780279;0.0005908810999244452
2018-12-21;0.0007195108337327838;0.0007194300997070968;0.0007196837104856968;0.52760910987854;0.0007195154903456569;0.45490914583206177;0.0007195439538918436;0.01388403307646513
2018-08-10;0.011379526928067207;0.011384088546037674;0.01138075441122055;0.9202862977981567;0.0113791823387146;0.011386696249246597;0.011411757208406925;0.011391725391149521
2017-06-23;0.0005665528005920351;0.9960338473320007;0.0005667082732543349;0.0005666079232469201;0.0005666115321218967;0.0005666689248755574;0.0005664042546413839;0.0005665962235070765
2017-09-01;0.0005963040166534483;0.9958257675170898;0.0005961473216302693;0.0005964630399830639;0.0005962237482890487;0.0005963393487036228;0.0005964022129774094;0.0005963111179880798
2018-08-31;0.6259282827377319;0.0008402538951486349;0.0008408979047089815;0.10311408340930939;0.10335713624954224;0.0008402988314628601;0.16423852741718292;0.0008404887048527598
2017-02-17;0.5616089105606079;0.000652057584375143;0.0006519202725030482;0.16974730789661407;0.0006522042094729841;0.2653832733631134;0.0006522799958474934;0.0006520601455122232
2017-08-18;0.9961398839950562;0.0005512666539289057;0.000551294069737196;0.0005514160729944706;0.0005517771933227777;0.0005513482028618455;0.0005515619996003807;0.0005514306831173599
2019-05-31;0.5244781970977783;0.09768375754356384;0.00044093254837207496;0.2273225486278534;0.10459376871585846;0.00044116267235949636;0.00044096368947066367;0.04459867998957634
2019-07-19;0.0005965204909443855;0.0005962768336758018;0.0005964691517874599;0.15012840926647186;0.0858924463391304;0.7609971761703491;0.000596393714658916;0.0005962808500044048
2020-02-14;0.6280602812767029;0.0007586706196889281;0.0007588050211779773;0.36738690733909607;0.0007587072905153036;0.0007591089815832675;0.0007585982093587518;0.0007589675951749086
2019-09-13;0.0005395774496719241;0.0005396126653067768;0.0005393619649112225;0.0005396961350925267;0.0005397513159550726;0.9962224960327148;0.0005394506733864546;0.0005400528898462653
2017-12-15;0.08760149776935577;0.1204209104180336;0.000715324014890939;0.0007157794898375869;0.5264483690261841;0.26266640424728394;0.000715923379175365;0.0007158450316637754
2017-04-14;0.0005025484133511782;0.000502642011269927;0.0005027757142670453;0.0005026524886488914;0.000502705224789679;0.0005027750739827752;0.0005034105852246284;0.9964805245399475
2017-01-27;0.4579193592071533;0.28795844316482544;0.0007280567078851163;0.08254146575927734;0.05420255288481712;0.11519408226013184;0.0007277478580363095;0.0007283432641997933
2017-03-03;0.0009635391179472208;0.0009634097223170102;0.0009630685090087354;0.1768960952758789;0.0009633431909605861;0.0009629771811887622;0.0009627685067243874;0.8173248171806335
2017-07-07;0.0005326553946360946;0.14573997259140015;0.0005331094725988805;0.17920123040676117;0.0005328112747520208;0.37765592336654663;0.29527151584625244;0.000532772799488157
2018-04-06;0.0006915981648489833;0.0006916724378243089;0.030820248648524284;0.9596043825149536;0.0006918831495568156;0.006116537842899561;0.0006918823346495628;0.0006917446735315025
2017-01-13;0.4450591504573822;0.1970222145318985;0.0008077803649939597;0.0008081381092779338;0.0008081937558017671;0.3049388527870178;0.04974745586514473;0.0008081574342213571
2019-05-03;0.0005588132771663368;0.8087617754936218;0.1878855973482132;0.0005588321946561337;0.0005586534389294684;0.000558729749172926;0.00055883132154122;0.0005587646155618131
2018-02-16;0.3282720744609833;0.0004927622503601015;0.0004927230183966458;0.0004928997368551791;0.0004930964205414057;0.0004931082366965711;0.6687705516815186;0.0004927758709527552
2018-06-15;0.0006291125901043415;0.9955958724021912;0.0006293485639616847;0.0006292250473052263;0.000629096117336303;0.0006290425662882626;0.0006292290636338294;0.0006290384335443377
2018-07-20;0.0005991745856590569;0.0005995883257128298;0.0005989507772028446;0.0005993050872348249;0.07408358156681061;0.0005991868674755096;0.0005990056088194251;0.9223212003707886
2019-11-01;0.0007115814951248467;0.0007112737512215972;0.0007112984894774854;0.9639266729354858;0.03180473670363426;0.0007114891777746379;0.0007114621694199741;0.0007114546606317163
2019-03-22;0.0006105356733314693;0.0006103608175180852;0.0006108166417106986;0.000610540562774986;0.9957267045974731;0.0006103214109316468;0.0006103183259256184;0.0006104445201344788
2019-08-02;0.0005149462958797812;0.591668426990509;0.0005155215039849281;0.40523990988731384;0.0005150808137841523;0.0005153481033630669;0.0005154056707397103;0.0005153256934136152
2017-03-17;0.0005690392572432756;0.0005691793048754334;0.0005694894352927804;0.0005691407714039087;0.000569106254260987;0.0005693913553841412;0.7199123501777649;0.2766723036766052
2020-01-17;0.0007637477829121053;0.0007629940519109368;0.0007631924236193299;0.000763428455684334;0.2076507806777954;0.08523500710725784;0.0007637395756319165;0.7032970786094666
2020-02-21;0.08729615062475204;0.9089109897613525;0.0006322378176264465;0.0006321906112134457;0.0006319943931885064;0.0006323494017124176;0.0006320737302303314;0.0006320375250652432
2017-05-12;0.03455517813563347;0.000662993174046278;0.0006622400251217186;0.0006631410797126591;0.0006626176764257252;0.000662237755022943;0.0006625779788009822;0.9614689946174622
2018-05-01;0.0005218028672970831;0.035964202135801315;0.48603469133377075;0.0005217607831582427;0.0005216413992457092;0.0005216419231146574;0.0005216739373281598;0.47539258003234863
2017-04-21;0.0005047432496212423;0.0005047553568147123;0.0005049806204624474;0.0005048048915341496;0.0005048016901127994;0.12140118330717087;0.0005046672886237502;0.8755700588226318
2017-06-09;0.0006355704972520471;0.09906303137540817;0.6158351898193359;0.000635603500995785;0.0006357838865369558;0.28192391991615295;0.0006352571654133499;0.0006355937221087515
2017-10-06;0.3884474039077759;0.0007037180475890636;0.000703142024576664;0.0007035149028524756;0.6073323488235474;0.0007034819573163986;0.0007030947017483413;0.0007032869616523385
2017-02-24;0.14947432279586792;0.0006483320030383766;0.0006483501056209207;0.8466349840164185;0.0006487129721790552;0.0006485350313596427;0.0006483576144091785;0.0006483762990683317
2018-01-12;0.3054000437259674;0.0004947598208673298;0.0004947783309035003;0.0004949246067553759;0.1335105299949646;0.4920310378074646;0.067079097032547;0.0004948319401592016
2018-07-06;0.0005264455685392022;0.0005262609920464456;0.0005259780446067452;0.6393958330154419;0.000526261399500072;0.0005259327590465546;0.0005259657045826316;0.3574473261833191
2019-05-24;0.0005195092526264489;0.5833254456520081;0.0005193981342017651;0.41355758905410767;0.000519612105563283;0.0005193522665649652;0.0005195623962208629;0.0005195169942453504
2017-06-30;0.000829266500659287;0.07913371175527573;0.0008286976953968406;0.0008294485160149634;0.000829107710160315;0.030432874336838722;0.0008288969984278083;0.8862879872322083
2019-09-06;0.0006227522389963269;0.4607010781764984;0.07199687510728836;0.0006229818100109696;0.0006230365252122283;0.2648373544216156;0.19997285306453705;0.0006230408907867968
2019-03-01;0.0006022959714755416;0.9957868456840515;0.0006017269915901124;0.0006020436994731426;0.0006016697734594345;0.0006018094136379659;0.0006016843253746629;0.0006019492284394801
2018-07-27;0.0006107016815803945;0.0006107439985498786;0.0006105871871113777;0.995724618434906;0.0006110543617978692;0.0006106871296651661;0.0006107505178079009;0.0006108016241341829
2018-09-07;0.035949964076280594;0.000680945347994566;0.0006809018668718636;0.7263431549072266;0.0006805785233154893;0.1876821517944336;0.04730187729001045;0.0006804399890825152
2019-04-26;0.3407193720340729;0.0006077818106859922;0.0006081649917177856;0.35024580359458923;0.0006080602179281414;0.0006078806472942233;0.0006077442667447031;0.3059951961040497
2019-03-29;0.12878160178661346;0.000596302910707891;0.0005963240982964635;0.0005962996510788798;0.0005962352151982486;0.8676409721374512;0.0005961405113339424;0.0005961154820397496
2017-12-29;0.7305091023445129;0.0005566749023273587;0.0005564307793974876;0.0005566669860854745;0.0005567106418311596;0.2661510109901428;0.0005567073239944875;0.0005567286279983819
2018-02-23;0.012610380537807941;0.0005091137136332691;0.0005092221545055509;0.23168078064918518;0.48774877190589905;0.0005090510239824653;0.26592350006103516;0.0005091713974252343
2017-07-21;0.0005715129082091153;0.0005713663995265961;0.0005716280429624021;0.0005713969003409147;0.0005713946884498;0.9959995150566101;0.0005717182066291571;0.0005714610451832414
2017-10-27;0.0006201436626724899;0.9956602454185486;0.0006199760246090591;0.0006199881318025291;0.0006199042545631528;0.0006201177020557225;0.000619698956143111;0.0006199744530022144
2019-01-04;0.18064239621162415;0.022439148277044296;0.0005194630357436836;0.0005197352729737759;0.7215381860733032;0.000519692141097039;0.0005193900433368981;0.07330198585987091
2017-06-16;0.6695841550827026;0.32701635360717773;0.0005666371434926987;0.0005663717165589333;0.0005666280048899353;0.0005665747448801994;0.0005665021017193794;0.0005667707300744951
2019-07-26;0.0006290344172157347;0.000628993846476078;0.000629215152002871;0.0006293251644819975;0.0006294481572695076;0.0006290949531830847;0.3982436954975128;0.5979812145233154
2019-06-14;0.0005822687526233494;0.0005823372630402446;0.5669000148773193;0.18081843852996826;0.04035889357328415;0.20741821825504303;0.0005826842389069498;0.002757100388407707
2017-05-05;0.9301406741142273;0.0658840462565422;0.0006625434616580606;0.0006623259978368878;0.000662407255731523;0.0006627488182857633;0.0006624591769650578;0.0006628115079365671
2018-05-25;0.0004760245210491121;0.8873234391212463;0.10982055217027664;0.0004761306045111269;0.0004761512391269207;0.00047590734902769327;0.0004759372677654028;0.00047582315164618194
2017-11-24;0.0006559579051099718;0.0006555610452778637;0.000655800336971879;0.0006553533021360636;0.39238443970680237;0.5022681951522827;0.0006554843857884407;0.10206922143697739
2017-08-04;0.20144474506378174;0.0006591224810108542;0.0006588142132386565;0.307637482881546;0.45466431975364685;0.000659239711239934;0.033617086708545685;0.0006591934943571687
2020-02-28;0.0005537801189348102;0.0005537364631891251;0.0005534952506422997;0.0005539110861718655;0.0005536063690669835;0.0005539068952202797;0.9961239099502563;0.0005536794196814299
2019-05-17;0.0005109336925670505;0.11617659032344818;0.0005110686761327088;0.6557763814926147;0.11383330821990967;0.11216957867145538;0.0005108774057589471;0.0005112797953188419
2018-09-28;0.0005961430142633617;0.0005961606511846185;0.8313111662864685;0.1651114970445633;0.0005964729352854192;0.0005960743874311447;0.0005963693256489933;0.0005961160641163588
2018-05-04;0.0006729089072905481;0.08036317676305771;0.4497654438018799;0.4665053188800812;0.000673095986712724;0.0006733097834512591;0.0006734611233696342;0.0006732330657541752
2017-12-08;0.0006017665145918727;0.0006017214618623257;0.0006022937595844269;0.0006017915438860655;0.0006018189014866948;0.995786726474762;0.0006018884596414864;0.0006020076689310372
2020-01-31;0.0006257376517169178;0.0006259166984818876;0.000626125605776906;0.9956177473068237;0.0006259004003368318;0.0006262313108891249;0.0006261441158130765;0.000626201624982059
2020-01-10;0.0006201494834385812;0.000620545179117471;0.0006198658375069499;0.9956600069999695;0.0006196063477545977;0.0006199307390488684;0.0006197286420501769;0.0006201186333782971
2018-08-03;0.0005396726774051785;0.0005400320515036583;0.2457994818687439;0.02623044326901436;0.13049930334091187;0.5560306310653687;0.03982072323560715;0.0005397361819632351
2019-06-28;0.0005825194530189037;0.051579855382442474;0.03637271746993065;0.9091358184814453;0.0005822418024763465;0.000582360487896949;0.0005822933744639158;0.0005822184612043202
2018-03-09;0.0005195808480493724;0.0005193873657844961;0.07988429069519043;0.0005195678095333278;0.0005196849815547466;0.34720712900161743;0.0005196204874664545;0.5703107118606567
2019-12-13;0.000566770788282156;0.07337511330842972;0.0005667739314958453;0.6972744464874268;0.12789976596832275;0.0005669292295351624;0.09918344765901566;0.0005667568766511977
2017-09-08;0.0006553302519023418;0.000655416282825172;0.0006551462574861944;0.0006557168089784682;0.0006552731501869857;0.8772334456443787;0.11883442848920822;0.0006552821723744273
2019-09-20;0.0007324209436774254;0.3933728337287903;0.0007321262382902205;0.44156190752983093;0.0007325888145714998;0.0007323958561755717;0.0007322863675653934;0.16140340268611908
2017-04-07;0.0007031598361209035;0.0007030446431599557;0.0007029387052170932;0.0007031893474049866;0.0007029340486042202;0.9950782060623169;0.000703387544490397;0.0007031614077277482
2018-10-26;0.0005848873988725245;0.0005850799498148263;0.16762983798980713;0.05005122721195221;0.0005852601025253534;0.11502087116241455;0.0005852191825397313;0.664957582950592
2017-07-28;0.9951576590538025;0.0006916538113728166;0.0006915777921676636;0.000691970984917134;0.0006920372834429145;0.0006919197039678693;0.0006916210404597223;0.0006916009588167071
2018-12-28;0.12396610528230667;0.15768606960773468;0.00059092155424878;0.6441097855567932;0.07187490910291672;0.0005908427410759032;0.0005905467551201582;0.0005908060702495277
2018-09-21;0.0005718882894143462;0.0005715423612855375;0.0005721449269913137;0.6783594489097595;0.0005720712943002582;0.0005718808388337493;0.23436406254768372;0.0844169482588768
2017-07-14;0.03170805424451828;0.060361795127391815;0.036103811115026474;0.160960853099823;0.08911003917455673;0.0004911466385237873;0.620773196220398;0.0004911301075480878
2019-09-27;0.0004634872020687908;0.0004637573438230902;0.9967541694641113;0.0004638490790966898;0.00046355644008144736;0.0004636608064174652;0.00046379564446397126;0.0004637890087906271
2018-10-12;0.000579856161493808;0.0005796914920210838;0.0005796222831122577;0.3813462257385254;0.20648154616355896;0.34350860118865967;0.0005796650075353682;0.06634479016065598
2020-02-07;0.0007870636181905866;0.000787211989518255;0.0007873239228501916;0.0007872357382439077;0.0007870402769185603;0.9944893717765808;0.0007875477313064039;0.0007872275891713798
2019-01-11;0.0006387902540154755;0.035794053226709366;0.0006387773901224136;0.9603734016418457;0.0006390131893567741;0.0006385787855833769;0.000638806726783514;0.0006385878077708185
2017-11-17;0.0006357337697409093;0.0006355323130264878;0.0006355547229759395;0.0006359487888403237;0.6052401661872864;0.39094504714012146;0.0006364266737364233;0.0006356206140480936
2018-11-16;0.0005993871600367129;0.0005995029932819307;0.2582680881023407;0.08732602745294571;0.18051980435848236;0.0005992602091282606;0.16591106355190277;0.3061768412590027
2018-07-29;0.0007366150384768844;0.0007363324402831495;0.2693081796169281;0.0007368340739049017;0.0007367506623268127;0.15774263441562653;0.5692659020423889;0.0007367327925749123
2019-11-22;0.000576985883526504;0.0005768827977590263;0.0005768794217146933;0.3486648201942444;0.0005768178380094469;0.6478736400604248;0.0005768133560195565;0.000577143975533545
2018-07-22;0.0006418892880901694;0.0006419506971724331;0.995506227016449;0.0006420200224965811;0.000642376602627337;0.0006419363780878484;0.0006417463882826269;0.0006418947014026344
2019-04-05;0.0008880349341779947;0.0008882735855877399;0.0008877768414095044;0.6434630751609802;0.0008882371475920081;0.05371488630771637;0.0008884765557013452;0.2983812689781189
2019-02-22;0.0006257189670577645;0.0006260748486965895;0.000626414839643985;0.9956172108650208;0.0006258673965930939;0.0006262438255362213;0.0006260541849769652;0.0006264150142669678
2017-12-01;0.0005996439722366631;0.0005995443789288402;0.0005992840742692351;0.0005992699298076332;0.000599228369537741;0.9958052635192871;0.0005987919867038727;0.00059902248904109
2017-11-03;0.0006695007905364037;0.0006695285555906594;0.0006693562027066946;0.0006693250616081059;0.9820924997329712;0.01389059703797102;0.0006696521886624396;0.0006695236661471426
2019-06-07;0.0005851336172781885;0.0005851494497619569;0.0005851462483406067;0.0376364067196846;0.0005851833266206086;0.0005850910674780607;0.0005848701694048941;0.958853006362915
2017-05-19;0.020460782572627068;0.8443586826324463;0.05992943048477173;0.0006881231674924493;0.0006881086737848818;0.07249904423952103;0.0006879389402456582;0.0006879048887640238
2019-07-12;0.0006049125222489238;0.000605064386036247;0.0006048341165296733;0.0006048990762792528;0.47568926215171814;0.0006047991337254643;0.44172051548957825;0.07956568151712418
2019-02-08;0.10886365175247192;0.10366261005401611;0.0005491071497090161;0.784728467464447;0.0005492079071700573;0.0005489813047461212;0.0005489644827321172;0.000549032527487725
2018-08-24;0.0005713585414923728;0.0005715237930417061;0.0005714044673368335;0.0005715114530175924;0.0005714573781006038;0.0005716277519240975;0.9959997534751892;0.0005713446298614144
2018-08-17;0.0005639727460220456;0.0005641911411657929;0.49531787633895874;0.5012977719306946;0.0005639019655063748;0.0005638793809339404;0.0005644612247124314;0.0005639673327095807
2019-10-11;0.0005713701248168945;0.0005713849095627666;0.000571363081689924;0.0005714679718948901;0.0005714389844797552;0.0005716259474866092;0.995999813079834;0.0005715269944630563
2020-01-03;0.017325641587376595;0.0005667621735483408;0.0005667362129315734;0.6008524894714355;0.2583445608615875;0.10487598925828934;0.000566626840736717;0.016901157796382904
2018-02-02;0.0006131956470198929;0.0006134240538813174;0.0006137328455224633;0.0006133872084319592;0.9957058429718018;0.0006134712602943182;0.0006135841249488294;0.0006133318529464304
2019-12-20;0.0005850157467648387;0.0005849614390172064;0.0005849179578945041;0.7956658601760864;0.19080030918121338;0.0005850790184922516;0.0005848734290339053;0.010608973912894726
2017-04-28;0.0007072252337820828;0.0007075336179696023;0.0007071407744660974;0.0007076743058860302;0.0007072725566104054;0.0007077357731759548;0.0007071984000504017;0.9950481653213501
2017-06-02;0.000607849913649261;0.9140666723251343;0.0006078227888792753;0.0006079322192817926;0.0006078573642298579;0.0006079744198359549;0.08228594064712524;0.0006079653394408524
2017-03-10;0.0006231509614735842;0.0006228336715139449;0.0006227784906513989;0.995638906955719;0.0006232148152776062;0.0006231794832274318;0.0006229175487533212;0.000623001717031002
2017-09-29;0.000566584465559572;0.0005664742784574628;0.9559680819511414;0.0005664479685947299;0.000566387374419719;0.04063274711370468;0.0005668469821102917;0.0005664265481755137
2018-01-05;0.0005150138749741018;0.0005150589277036488;0.0005152454250492156;0.0005151017103344202;0.0005154528771527112;0.000515362829901278;0.0005150429788045585;0.9963937401771545
2019-08-09;0.0004672856302931905;0.0004671461065299809;0.000467036385089159;0.10648622363805771;0.748727023601532;0.00046718542580492795;0.00046708088484592736;0.14245101809501648
2017-08-11;0.920819103717804;0.0008633788675069809;0.07399936765432358;0.0008638774161227047;0.0008639908046461642;0.0008634718833491206;0.000863415771164;0.0008633823599666357
2019-04-19;0.8809455037117004;0.1150369942188263;0.0006695226766169071;0.0006696844939142466;0.000669964705593884;0.0006692733732052147;0.0006696253549307585;0.0006693930481560528
2017-12-22;0.2556101679801941;0.000537075859028846;0.0005369735299609601;0.05554847791790962;0.6861549019813538;0.0005375618929974735;0.0005372381419874728;0.0005375861073844135
2019-06-04;0.0005350974970497191;0.6813135743141174;0.0005351161235012114;0.29130926728248596;0.0005353890010155737;0.0005350660067051649;0.0005355355096980929;0.024700932204723358
2018-06-08;0.35303789377212524;0.005297396797686815;0.0006080246530473232;0.0006079741287976503;0.1616501361131668;0.0006077275611460209;0.4775828719139099;0.0006079758750274777
2019-08-16;0.0007194685167632997;0.0007191835320554674;0.0007194263744167984;0.971002459526062;0.0007196764927357435;0.0007194489589892328;0.024680761620402336;0.0007195682846941054
2018-02-09;0.000605100067332387;0.20083317160606384;0.0006048795185051858;0.0016292035579681396;0.7945128679275513;0.0006048202631063759;0.0006050308584235609;0.0006049695075489581
2019-03-08;0.0006111180409789085;0.0006109008099883795;0.0006108553498052061;0.5367236733436584;0.000610882940236479;0.45961079001426697;0.0006108356756158173;0.0006109403329901397
2019-04-12;0.0006695190095342696;0.0006694196490570903;0.0006693702307529747;0.9953134655952454;0.0006698389770463109;0.0006693496834486723;0.0006695854826830328;0.0006694622570648789
2017-09-01;0.5958736538887024;0.0006455298862420022;0.0006452710367739201;0.22182081639766693;0.11834760010242462;0.061376433819532394;0.000645125808659941;0.0006455667898990214
2017-02-03;0.0005741719505749643;0.0005740636843256652;0.0005741294589824975;0.0005743827787227929;0.16988134384155273;0.14293798804283142;0.0005740303895436227;0.6843098402023315
2019-08-23;0.9316532015800476;0.00048529848572798073;0.0004851164703723043;0.06543512642383575;0.00048536359099671245;0.0004853139107581228;0.0004852590209338814;0.0004853103309869766
2019-11-29;0.09201458841562271;0.0007152935140766203;0.0007159750093705952;0.5804063081741333;0.0007158723310567439;0.0007155200000852346;0.0007157940999604762;0.3240007162094116
